2.764403e-02
2.689180e-02
2.613051e-02
2.542187e-02
2.471849e-02
2.403074e-02
2.337103e-02
2.272857e-02
2.209336e-02
2.146903e-02
2.086660e-02
2.029300e-02
1.974603e-02
1.921714e-02
1.869743e-02
1.818213e-02
1.767167e-02
1.717004e-02
1.668223e-02
1.621198e-02
1.576077e-02
1.532774e-02
1.491050e-02
1.450611e-02
1.411195e-02
1.372624e-02
1.334817e-02
1.297777e-02
1.261561e-02
1.226251e-02
1.191924e-02
1.158633e-02
1.126399e-02
1.095208e-02
1.065013e-02
1.035747e-02
1.007332e-02
9.796929e-03
9.527667e-03
9.265100e-03
9.009004e-03
8.759342e-03
8.516210e-03
8.279764e-03
8.050147e-03
7.827428e-03
7.611559e-03
7.402358e-03
7.199511e-03
7.002603e-03
6.811159e-03
6.624696e-03
6.442775e-03
6.265041e-03
6.091259e-03
5.921319e-03
5.755235e-03
5.593122e-03
5.435163e-03
5.281567e-03
5.132534e-03
4.988214e-03
4.848682e-03
4.713924e-03
4.583831e-03
4.458208e-03
4.336790e-03
4.219266e-03
4.105300e-03
3.994560e-03
3.886736e-03
3.781558e-03
3.678809e-03
3.578329e-03
3.480015e-03
3.383818e-03
3.289734e-03
3.197795e-03
3.108056e-03
3.020584e-03
2.935444e-03
2.852697e-03
2.772385e-03
2.694528e-03
2.619124e-03
2.546144e-03
2.475533e-03
2.407214e-03
2.341090e-03
2.277047e-03
2.214960e-03
2.154699e-03
2.096134e-03
2.039140e-03
1.983604e-03
1.929428e-03
1.876532e-03
1.824858e-03
1.774365e-03
1.725034e-03
1.676862e-03
1.629859e-03
1.584046e-03
1.539447e-03
1.496089e-03
1.453995e-03
1.413181e-03
1.373655e-03
1.335412e-03
1.298435e-03
1.262694e-03
1.228146e-03
1.194737e-03
1.162403e-03
1.131074e-03
1.100676e-03
1.071136e-03
1.042379e-03
1.014341e-03
9.869619e-04
9.601921e-04
9.339926e-04
9.083355e-04
8.832032e-04
8.585884e-04
8.344924e-04
8.109237e-04
7.878961e-04
7.654270e-04
7.435353e-04
7.222398e-04
7.015575e-04
6.815020e-04
6.620825e-04
6.433028e-04
6.251608e-04
6.076482e-04
5.907509e-04
5.744491e-04
5.587183e-04
5.435301e-04
5.288535e-04
5.146557e-04
5.009031e-04
4.875630e-04
4.746037e-04
4.619957e-04
4.497120e-04
4.377286e-04
4.260246e-04
4.145824e-04
4.033875e-04
3.924288e-04
3.816979e-04
3.711890e-04
3.608989e-04
3.508264e-04
3.409722e-04
3.313384e-04
3.219281e-04
3.127450e-04
3.037933e-04
2.950772e-04
2.866003e-04
2.783660e-04
2.703767e-04
2.626337e-04
2.551375e-04
2.478870e-04
2.408801e-04
2.341130e-04
2.275810e-04
2.212778e-04
2.151959e-04
2.093267e-04
2.036606e-04
1.981871e-04
1.928949e-04
1.877724e-04
1.828076e-04
1.779886e-04
1.733036e-04
1.687415e-04
1.642916e-04
1.599444e-04
1.556915e-04
1.515256e-04
1.474407e-04
1.434325e-04
1.394977e-04
1.356346e-04
1.318426e-04
1.281222e-04
1.244750e-04
1.209030e-04
1.174091e-04
1.139962e-04
1.106676e-04
1.074264e-04
1.042753e-04
1.012169e-04
9.825318e-05
9.538540e-05
9.261429e-05
8.993981e-05
8.736123e-05
8.487705e-05
8.248511e-05
8.018261e-05
7.796616e-05
7.583193e-05
7.377567e-05
7.179291e-05
6.987899e-05
6.802925e-05
6.623907e-05
6.450402e-05
6.281993e-05
6.118293e-05
5.958952e-05
5.803662e-05
5.652155e-05
5.504205e-05
5.359624e-05
5.218263e-05
5.080005e-05
4.944764e-05
4.812476e-05
4.683095e-05
4.556589e-05
4.432933e-05
4.312106e-05
4.194083e-05
4.078837e-05
3.966333e-05
3.856529e-05
3.749375e-05
3.644817e-05
3.542797e-05
3.443256e-05
3.346138e-05
3.251390e-05
3.158967e-05
3.068830e-05
2.980951e-05
2.895308e-05
2.811887e-05
2.730680e-05
2.651682e-05
2.574889e-05
2.500299e-05
2.427904e-05
2.357693e-05
2.289647e-05
2.223744e-05
2.159950e-05
2.098227e-05
2.038526e-05
1.980792e-05
1.924965e-05
1.870978e-05
1.818762e-05
1.768243e-05
1.719349e-05
1.672006e-05
1.626143e-05
1.581695e-05
1.538598e-05
1.496797e-05
1.456239e-05
1.416881e-05
1.378685e-05
1.341616e-05
1.305644e-05
1.270742e-05
1.236882e-05
1.204034e-05
1.172173e-05
1.141262e-05
1.111263e-05
1.082136e-05
1.053832e-05
1.026304e-05
9.994970e-06
9.733606e-06
9.478411e-06
9.228899e-06
8.984618e-06
8.745153e-06
8.510188e-06
8.279473e-06
8.052850e-06
7.830210e-06
7.611599e-06
7.397007e-06
7.186726e-06
6.980870e-06
6.779688e-06
6.583409e-06
6.392163e-06
6.206299e-06
6.025833e-06
5.851011e-06
5.681724e-06
5.517990e-06
5.359851e-06
5.207126e-06
5.059625e-06
4.917210e-06
4.779382e-06
4.646100e-06
4.517249e-06
4.392464e-06
4.271430e-06
4.153765e-06
4.039625e-06
3.928663e-06
3.820667e-06
3.715148e-06
3.612314e-06
3.512074e-06
3.413439e-06
3.317415e-06
3.223211e-06
3.130215e-06
3.039804e-06
2.951173e-06
2.864472e-06
2.779520e-06
2.696416e-06
2.615500e-06
2.535763e-06
2.459038e-06
2.384773e-06
2.311615e-06
2.241086e-06
2.173249e-06
2.108451e-06
2.046423e-06
1.986936e-06
1.927652e-06
1.872549e-06
1.820392e-06
1.768739e-06
1.718891e-06
1.672439e-06
1.627680e-06
1.583217e-06
1.540987e-06
1.500931e-06
1.462417e-06
1.426335e-06
1.391328e-06
1.357389e-06
1.325936e-06
1.292228e-06
1.263679e-06
1.237844e-06
1.208553e-06
1.179722e-06
1.154603e-06
1.130296e-06
1.106056e-06
1.083194e-06
1.059654e-06
1.036262e-06
1.010064e-06
9.873022e-07
9.632752e-07
9.371312e-07
9.118481e-07
8.886798e-07
8.677691e-07
8.431697e-07
8.155623e-07
7.931819e-07
7.705239e-07
7.496336e-07
7.245204e-07
7.007345e-07
6.799085e-07
6.613499e-07
6.429215e-07
6.218419e-07
6.035731e-07
5.921575e-07
5.628107e-07
5.470221e-07
5.271265e-07
5.109469e-07
4.946965e-07
4.761991e-07
4.621575e-07
4.527543e-07
4.355914e-07
4.227584e-07
4.004451e-07
3.883342e-07
3.807365e-07
3.636989e-07
3.591540e-07
3.724878e-07
3.482710e-07
3.074712e-07
3.064229e-07
2.890397e-07
2.882577e-07
2.702984e-07
2.737324e-07
2.631825e-07
2.564612e-07
2.580307e-07
2.529600e-07
2.549224e-07
2.560980e-07
3.281179e-07
2.486021e-07
2.227092e-07
2.112806e-07
2.301681e-07
2.122217e-07
2.096387e-07
2.331378e-07
1.774478e-07
1.841277e-07
2.012573e-07
1.636419e-07
1.893486e-07
1.704456e-07
1.698408e-07
1.508785e-07
1.644349e-07
1.519139e-07
1.501134e-07
1.837171e-07
1.368436e-07
1.445923e-07
1.539019e-07
1.294102e-07
1.324491e-07
1.416450e-07
1.364345e-07
1.365341e-07
1.663210e-07
1.250814e-07
1.279073e-07
1.316229e-07
1.165708e-07
1.236712e-07
1.146064e-07
1.281706e-07
1.144598e-07
1.017190e-07
9.716114e-08
8.234409e-08
9.465527e-08
9.457369e-08
7.114823e-08
6.579767e-08
4.559767e-08
4.465170e-08
4.027975e-08
4.018182e-08
3.894864e-08
3.617386e-08
3.708031e-08
3.899396e-08
3.796404e-08
4.302662e-08
3.904888e-08
3.821181e-08
4.022277e-08
2.802661e-08
2.750373e-08
2.988265e-08
2.807501e-08
3.010340e-08
3.124690e-08
3.437784e-08
2.727100e-08
1.768581e-08
2.209117e-08
1.992139e-08
3.069781e-08
2.960285e-08
2.055944e-08
1.684518e-08
1.116796e-08
1.141249e-08
1.126948e-08
1.231744e-08
1.770541e-08
1.155015e-08
2.048049e-08
7.168264e-08
1.585071e-07
3.397283e-08
7.507535e-08
3.011744e-07
5.158444e-07
