0.027778
0.027006
0.026256
0.025527
0.024818
0.024128
0.023458
0.022806
0.022173
0.021557
0.020958
0.020376
0.019810
0.019260
0.018725
0.018205
0.017699
0.017207
0.016729
0.016265
0.015813
0.015374
0.014946
0.014531
0.014128
0.013735
0.013354
0.012983
0.012622
0.012272
0.011931
0.011599
0.011277
0.010964
0.010659
0.010363
0.010075
0.009795
0.009523
0.009259
0.009002
0.008752
0.008508
0.008272
0.008042
0.007819
0.007602
0.007391
0.007185
0.006986
0.006792
0.006603
0.006420
0.006241
0.006068
0.005899
0.005735
0.005576
0.005421
0.005271
0.005124
0.004982
0.004844
0.004709
0.004578
0.004451
0.004327
0.004207
0.004090
0.003977
0.003866
0.003759
0.003654
0.003553
0.003454
0.003358
0.003265
0.003174
0.003086
0.003000
0.002917
0.002836
0.002757
0.002681
0.002606
0.002534
0.002463
0.002395
0.002328
0.002264
0.002201
0.002140
0.002080
0.002023
0.001966
0.001912
0.001859
0.001807
0.001757
0.001708
0.001661
0.001614
0.001570
0.001526
0.001484
0.001442
0.001402
0.001363
0.001325
0.001289
0.001253
0.001218
0.001184
0.001151
0.001119
0.001088
0.001058
0.001029
0.001000
0.000972
0.000945
0.000919
0.000893
0.000869
0.000845
0.000821
0.000798
0.000776
0.000755
0.000734
0.000713
0.000693
0.000674
0.000655
0.000637
0.000620
0.000602
0.000586
0.000569
0.000553
0.000538
0.000523
0.000509
0.000495
0.000481
0.000467
0.000454
0.000442
0.000430
0.000418
0.000406
0.000395
0.000384
0.000373
0.000363
0.000353
0.000343
0.000333
0.000324
0.000315
0.000306
0.000298
0.000290
0.000282
0.000274
0.000266
0.000259
0.000252
0.000245
0.000238
0.000231
0.000225
0.000218
0.000212
0.000206
0.000201
0.000195
0.000190
0.000184
0.000179
0.000174
0.000170
0.000165
0.000160
0.000156
0.000151
0.000147
0.000143
0.000139
0.000135
0.000132
0.000128
0.000124
0.000121
0.000118
0.000114
0.000111
0.000108
0.000105
0.000102
0.000099
0.000097
0.000094
0.000091
0.000089
0.000086
0.000084
0.000082
0.000079
0.000077
0.000075
0.000073
0.000071
0.000069
0.000067
0.000065
0.000063
0.000061
0.000060
0.000058
0.000057
0.000055
0.000053
0.000052
0.000050
0.000049
0.000048
0.000046
0.000045
0.000044
0.000043
0.000041
0.000040
0.000039
0.000038
0.000037
0.000036
0.000035
0.000034
0.000033
0.000032
0.000031
0.000030
0.000030
0.000029
0.000028
0.000027
0.000026
0.000026
0.000025
0.000024
0.000024
0.000023
0.000022
0.000022
0.000021
0.000020
0.000020
0.000019
0.000019
0.000018
0.000018
0.000017
0.000017
0.000016
0.000016
0.000015
0.000015
0.000015
0.000014
0.000014
0.000013
0.000013
0.000013
0.000012
0.000012
0.000012
0.000011
0.000011
0.000011
0.000010
0.000010
0.000010
0.000010
0.000009
0.000009
0.000009
0.000009
0.000008
0.000008
0.000008
0.000008
0.000007
0.000007
0.000007
0.000007
0.000007
0.000006
0.000006
0.000006
